"Reconstructed Water Year flows, AF"		
	CA	
Year	Reconstr	Obs
900	15865666	
901	25589572	
902	15990539	
903	22724860	
904	22780171	
905	22006284	
906	24259600	
907	16892715	
908	14164354	
909	15001037	
910	24869337	
911	24992116	
912	21422191	
913	10709378	
914	27843030	
915	11658068	
916	23445217	
917	19543639	
918	13155032	
919	16702701	
920	20928372	
921	13653925	
922	16616347	
923	14059253	
924	10874057	
925	20211330	
926	22019015	
927	20820645	
928	13799959	
929	12503717	
930	9938595	
931	18526738	
932	13097493	
933	10899048	
934	19834902	
935	18264216	
936	13836756	
937	21675253	
938	12452306	
939	15346976	
940	20879421	
941	21524927	
942	13853782	
943	14397075	
944	19245526	
945	14624453	
946	16498321	
947	13575363	
948	12765810	
949	13767243	
950	14389456	
951	25809614	
952	13507897	
953	17893583	
954	8877282	
955	19846540	
956	25810839	
957	7489204	
958	15349280	
959	18170603	
960	20539136	
961	10882043	
962	12350317	
963	23069675	
964	15044288	
965	21927664	
966	18581566	
967	21062037	
968	26561321	
969	14359355	
970	26517980	
971	13546420	
972	20915645	
973	19232447	
974	19975265	
975	14366127	
976	16431388	
977	14012710	
978	13568027	
979	8387811	
980	12995399	
981	11673350	
982	22793685	
983	11801639	
984	21505178	
985	25487168	
986	10573439	
987	18154905	
988	21197143	
989	18803514	
990	14258132	
991	24757706	
992	18071895	
993	25453124	
994	21102180	
995	13463671	
996	13266618	
997	25934189	
998	25492725	
999	16348415	
1000	25305877	
1001	25871307	
1002	25884239	
1003	24320770	
1004	24934366	
1005	17623419	
1006	26064640	
1007	23877482	
1008	26380921	
1009	25661143	
1010	18462599	
1011	25407703	
1012	11677730	
1013	24894151	
1014	17778197	
1015	25902720	
1016	25362331	
1017	23217595	
1018	17896491	
1019	28065470	
1020	21205410	
1021	17199150	
1022	15240149	
1023	28440709	
1024	25065828	
1025	11899463	
1026	26113741	
1027	24882164	
1028	13974840	
1029	18266854	
1030	17866179	
1031	24396179	
1032	14860058	
1033	16872169	
1034	24232311	
1035	13580906	
1036	26256114	
1037	19723261	
1038	16321396	
1039	14385344	
1040	12643386	
1041	25086918	
1042	25214212	
1043	11167469	
1044	13526532	
1045	25357158	
1046	17809828	
1047	12295455	
1048	13715707	
1049	20066550	
1050	18146874	
1051	17119456	
1052	10745426	
1053	13200017	
1054	25633257	
1055	13765143	
1056	14329598	
1057	20911648	
1058	18266307	
1059	8001797	
1060	10128755	
1061	19478973	
1062	13747148	
1063	18507264	
1064	25840545	
1065	18237812	
1066	14625711	
1067	18640551	
1068	24504723	
1069	14479917	
1070	8622576	
1071	18407604	
1072	9660085	
1073	16332584	
1074	14602056	
1075	14395829	
1076	20102771	
1077	20966018	
1078	24527617	
1079	25936663	
1080	20229482	
1081	19490151	
1082	15059591	
1083	16489348	
1084	25257008	
1085	19218172	
1086	16205596	
1087	25150127	
1088	20089005	
1089	23557195	
1090	13134452	
1091	22351360	
1092	13085906	
1093	9578849	
1094	24691170	
1095	20327089	
1096	15230621	
1097	20727976	
1098	7786456	
1099	20027198	
1100	26714282	
1101	15847543	
1102	19853403	
1103	11899534	
1104	24154215	
1105	22994026	
1106	21464566	
1107	21673606	
1108	17488082	
1109	24273490	
1110	20625742	
1111	17950986	
1112	21472535	
1113	26378174	
1114	14203636	
1115	14647183	
1116	25530324	
1117	19158039	
1118	25393877	
1119	17715080	
1120	25256613	
1121	16761890	
1122	25168085	
1123	12162323	
1124	17924625	
1125	25610526	
1126	6732432	
1127	16223443	
1128	23819227	
1129	20929884	
1130	13021525	
1131	12464657	
1132	15471888	
1133	13957339	
1134	14496489	
1135	12023371	
1136	17412295	
1137	18114691	
1138	21963996	
1139	15193593	
1140	10760587	
1141	13606929	
1142	20604237	
1143	12942096	
1144	11775701	
1145	10055363	
1146	11467572	
1147	17494037	
1148	12578567	
1149	25304995	
1150	11998109	
1151	13998937	
1152	11723301	
1153	16265793	
1154	12428770	
1155	12816070	
1156	9239603	
1157	14539001	
1158	12835479	
1159	25273496	
1160	16961724	
1161	13737032	
1162	13181475	
1163	24998269	
1164	10277184	
1165	24986196	
1166	20847796	
1167	20346618	
1168	11918874	
1169	28053668	
1170	11027244	
1171	15175638	
1172	16545766	
1173	15857010	
1174	12659343	
1175	13923529	
1176	15117829	
1177	11323976	
1178	25802621	
1179	19537853	
1180	17297591	
1181	22473969	
1182	24938535	
1183	7937369	
1184	22320394	
1185	10411054	
1186	17509087	
1187	11820497	
1188	26034676	
1189	17073937	
1190	20911448	
1191	17082316	
1192	17266908	
1193	22836799	
1194	17558115	
1195	25979009	
1196	16419465	
1197	21680674	
1198	16434931	
1199	17236986	
1200	21345222	
1201	21443628	
1202	25635946	
1203	20299101	
1204	26502696	
1205	25910119	
1206	11118833	
1207	19225248	
1208	16070462	
1209	25506695	
1210	13275435	
1211	13986716	
1212	19013646	
1213	13747745	
1214	25915668	
1215	14509465	
1216	26401662	
1217	10059364	
1218	13265710	
1219	24843674	
1220	26027229	
1221	14694903	
1222	17858807	
1223	15196670	
1224	22717321	
1225	21508291	
1226	14145004	
1227	11306977	
1228	20673373	
1229	25332670	
1230	14801469	
1231	10416507	
1232	19593318	
1233	15159657	
1234	16677446	
1235	15249140	
1236	10142180	
1237	11007010	
1238	16625739	
1239	15638394	
1240	23248970	
1241	27426283	
1242	13096851	
1243	21531922	
1244	14997327	
1245	9080224	
1246	25858994	
1247	22955463	
1248	25727113	
1249	17289825	
1250	8200136	
1251	13298355	
1252	20153012	
1253	16352837	
1254	9915781	
1255	17530031	
1256	25335415	
1257	14665403	
1258	14586171	
1259	24939527	
1260	13520512	
1261	12106883	
1262	26374088	
1263	15034458	
1264	10093726	
1265	22976057	
1266	17800147	
1267	19243830	
1268	14363890	
1269	11834062	
1270	25379695	
1271	13457677	
1272	18428884	
1273	11697134	
1274	21743864	
1275	21967986	
1276	16556823	
1277	22668102	
1278	18706073	
1279	10495141	
1280	22476012	
1281	19001683	
1282	23360770	
1283	25439700	
1284	15610714	
1285	7440574	
1286	25746237	
1287	25153176	
1288	15622008	
1289	16803110	
1290	23916986	
1291	27304160	
1292	11368135	
1293	15569239	
1294	15636095	
1295	14826064	
1296	8716640	
1297	16607611	
1298	16594857	
1299	15141501	
1300	12198428	
1301	14825070	
1302	21799187	
1303	18980856	
1304	24975834	
1305	25137891	
1306	20881309	
1307	17179950	
1308	26172105	
1309	12663062	
1310	26419810	
1311	20652819	
1312	25635024	
1313	22772557	
1314	25098748	
1315	18549407	
1316	9080340	
1317	22955833	
1318	22984718	
1319	22285171	
1320	13644009	
1321	26025612	
1322	26534413	
1323	26015848	
1324	11851558	
1325	17551300	
1326	27067689	
1327	27287517	
1328	17012199	
1329	13547532	
1330	28224450	
1331	25879584	
1332	14438232	
1333	23776348	
1334	25864769	
1335	8044026	
1336	25080846	
1337	26075412	
1338	24829484	
1339	24140030	
1340	19044562	
1341	26200904	
1342	17671961	
1343	17791523	
1344	20466581	
1345	24961144	
1346	25359892	
1347	23925397	
1348	15911017	
1349	26972713	
1350	16536630	
1351	11828860	
1352	10197526	
1353	25624552	
1354	13033755	
1355	17391131	
1356	27213088	
1357	25311905	
1358	9272900	
1359	25688553	
1360	20076393	
1361	11859255	
1362	19732180	
1363	25476020	
1364	12906348	
1365	12609317	
1366	25218025	
1367	25592443	
1368	25348328	
1369	15355553	
1370	15617467	
1371	14903697	
1372	21853438	
1373	18852955	
1374	19034002	
1375	14475830	
1376	17522927	
1377	10574060	
1378	25495340	
1379	13398795	
1380	22599915	
1381	25288932	
1382	14427116	
1383	25435843	
1384	13077078	
1385	25797311	
1386	18132178	
1387	21003740	
1388	21273724	
1389	25951735	
1390	7616772	
1391	15891996	
1392	17627897	
1393	16314621	
1394	21123256	
1395	15148634	
1396	17345940	
1397	15556439	
1398	16960257	
1399	14848786	
1400	14447100	
1401	22363529	
1402	13813340	
1403	21512324	
1404	21570847	
1405	22812188	
1406	19660806	
1407	10848854	
1408	12697586	
1409	16697924	
1410	8636128	
1411	25022570	
1412	27307937	
1413	9351774	
1414	22781032	
1415	19786562	
1416	19618987	
1417	16758369	
1418	18262069	
1419	15638988	
1420	28597368	
1421	15414521	
1422	26766929	
1423	23664145	
1424	24228107	
1425	11705987	
1426	12917737	
1427	15987638	
1428	10268154	
1429	17012798	
1430	13644342	
1431	14690574	
1432	11857141	
1433	21810334	
1434	13684993	
1435	20126867	
1436	21545933	
1437	15596074	
1438	21705171	
1439	13407353	
1440	27597624	
1441	28159866	
1442	25969747	
1443	17456657	
1444	10944852	
1445	26275833	
1446	15671749	
1447	23438775	
1448	19566342	
1449	25908010	
1450	20075260	
1451	17221741	
1452	11507503	
1453	16259238	
1454	12809162	
1455	17142052	
1456	13838978	
1457	13896718	
1458	17734837	
1459	11815478	
1460	15432189	
1461	15024210	
1462	20540645	
1463	18998041	
1464	13548280	
1465	11602363	
1466	19458213	
1467	25783652	
1468	9975267	
1469	21506825	
1470	26520428	
1471	16321582	
1472	17972856	
1473	12989083	
1474	20464481	
1475	12011635	
1476	10454879	
1477	15457776	
1478	15159249	
1479	9349310	
1480	10914804	
1481	14036180	
1482	14704593	
1483	15904403	
1484	24717725	
1485	17049485	
1486	20208582	
1487	18181319	
1488	24816522	
1489	22841032	
1490	23066885	
1491	20222593	
1492	13812996	
1493	24684234	
1494	17382288	
1495	21161936	
1496	21101753	
1497	12407530	
1498	18419726	
1499	8393237	
1500	12277407	
1501	19925461	
1502	15465343	
1503	24502714	
1504	23003527	
1505	12098560	
1506	20381725	
1507	16533054	
1508	17474913	
1509	22161973	
1510	11680150	
1511	18509105	
1512	24501235	
1513	15746649	
1514	19076905	
1515	11213755	
1516	12453302	
1517	15450613	
1518	8272225	
1519	15718962	
1520	13644422	
1521	12179706	
1522	17742731	
1523	20484654	
1524	26082234	
1525	21525378	
1526	20323013	
1527	17327987	
1528	15096049	
1529	6917834	
1530	25266129	
1531	17702973	
1532	6799156	
1533	13380630	
1534	25018316	
1535	23324558	
1536	25477808	
1537	14549327	
1538	25218585	
1539	28399431	
1540	13886247	
1541	9607547	
1542	15737915	
1543	15553088	
1544	20194385	
1545	13760840	
1546	18276363	
1547	16473803	
1548	8901038	
1549	20721967	
1550	14806238	
1551	20983736	
1552	21054781	
1553	26123786	
1554	12579188	
1555	13603563	
1556	22265561	
1557	27337403	
1558	18590121	
1559	24955533	
1560	28514051	
1561	14853171	
1562	16328256	
1563	18134649	
1564	28756237	
1565	25197598	
1566	20877551	
1567	21343908	
1568	24341902	
1569	14762918	
1570	15815265	
1571	6633439	
1572	13193097	
1573	19067234	
1574	18874918	
1575	14350334	
1576	11289282	
1577	25867535	
1578	16245704	
1579	7595882	
1580	2399472	
1581	16514553	
1582	16667229	
1583	23932683	
1584	15287224	
1585	11406624	
1586	17784635	
1587	25658113	
1588	18892510	
1589	27057177	
1590	12111015	
1591	25263779	
1592	15065154	
1593	14563359	
1594	12528399	
1595	10590583	
1596	24642222	
1597	17589259	
1598	13368365	
1599	27449213	
1600	13739990	
1601	27973232	
1602	25623037	
1603	21795542	
1604	26605036	
1605	26941883	
1606	25746831	
1607	14687189	
1608	25781481	
1609	23471518	
1610	27083341	
1611	26500217	
1612	19228777	
1613	10124947	
1614	15861137	
1615	19747946	
1616	18119798	
1617	27194476	
1618	13673645	
1619	16509069	
1620	19987371	
1621	16273637	
1622	10025690	
1623	27349628	
1624	21937648	
1625	26012690	
1626	11625819	
1627	18258044	
1628	21031897	
1629	10249091	
1630	17732647	
1631	11647817	
1632	7357280	
1633	17692213	
1634	18162613	
1635	23708405	
1636	14622628	
1637	13192370	
1638	14594397	
1639	8283001	
1640	21048600	
1641	27303054	
1642	25223690	
1643	15407036	
1644	18383537	
1645	13782294	
1646	12558261	
1647	13845295	
1648	14962132	
1649	22973757	
1650	16244348	
1651	20657512	
1652	14807414	
1653	11768933	
1654	9045691	
1655	8682170	
1656	26660666	
1657	12769583	
1658	13125392	
1659	11524444	
1660	21688364	
1661	25843214	
1662	18961350	
1663	15819896	
1664	20698120	
1665	20247981	
1666	18043276	
1667	7903509	
1668	21752169	
1669	10896762	
1670	8385950	
1671	20825891	
1672	28318018	
1673	16067988	
1674	23326146	
1675	21342107	
1676	10375898	
1677	24005241	
1678	17911037	
1679	16289187	
1680	23411930	
1681	18030782	
1682	23783141	
1683	25800175	
1684	21585976	
1685	22729026	
1686	12067719	
1687	21123678	
1688	19157674	
1689	16940645	
1690	13988371	
1691	7511523	
1692	17941090	
1693	20660239	
1694	18469417	
1695	13936026	
1696	21550657	
1697	26017868	
1698	13606818	
1699	16823617	
1700	23206281	
1701	18550238	
1702	28405071	
1703	10762963	
1704	24353556	
1705	20574371	
1706	10762508	
1707	16131945	
1708	12677397	
1709	26415467	
1710	11965446	
1711	16769882	
1712	18674477	
1713	20422328	
1714	14076806	
1715	16572949	
1716	17556205	
1717	20300535	
1718	18315523	
1719	14240221	
1720	21094800	
1721	9433326	
1722	11799621	
1723	25533898	
1724	14953515	
1725	22922353	
1726	17376059	
1727	26852959	
1728	15647365	
1729	5338693	
1730	30567169	
1731	19720149	
1732	26220477	
1733	11689160	
1734	25035948	
1735	13768253	
1736	10685819	
1737	12724780	
1738	24629194	
1739	15463102	
1740	27007642	
1741	21503294	
1742	22075884	
1743	25478989	
1744	19855277	
1745	28923860	
1746	22744138	
1747	27063021	
1748	13900372	
1749	19790558	
1750	18604491	
1751	15310863	
1752	18310697	
1753	16927435	
1754	14886595	
1755	14373865	
1756	9618193	
1757	10480529	
1758	16438263	
1759	14598472	
1760	15530315	
1761	22213277	
1762	15149134	
1763	18663890	
1764	15399884	
1765	8619430	
1766	17985438	
1767	21117332	
1768	23163556	
1769	25434181	
1770	10542414	
1771	22000250	
1772	19877473	
1773	18711686	
1774	23007797	
1775	19860236	
1776	9999998	
1777	8187690	
1778	11882568	
1779	19438965	
1780	14673800	
1781	17533843	
1782	8583299	
1783	6160922	
1784	26099920	
1785	25784098	
1786	19156083	
1787	24678108	
1788	10973971	
1789	26979418	
1790	29374955	
1791	22316963	
1792	26708034	
1793	17734566	
1794	11468001	
1795	6209278	
1796	10005295	
1797	20023810	
1798	21471880	
1799	26873684	
1800	11879040	
1801	24350936	
1802	21808932	
1803	15691580	
1804	19593454	
1805	16358276	
1806	17659072	
1807	13377713	
1808	14244793	
1809	14656362	
1810	19549009	
1811	25751874	
1812	15259326	
1813	19746724	
1814	17523725	
1815	16489113	
1816	19756769	
1817	21685587	
1818	18727825	
1819	21193329	
1820	17569886	
1821	22866676	
1822	11393806	
1823	14975141	
1824	11500648	
1825	29764206	
1826	27597292	
1827	15402628	
1828	26805678	
1829	6071047	
1830	21040582	
1831	14507987	
1832	26182977	
1833	16614944	
1834	14697696	
1835	16448887	
1836	19240171	
1837	13661268	
1838	23846960	
1839	17119828	
1840	16485208	
1841	6127879	
1842	20804172	
1843	9333640	
1844	7925830	
1845	15364170	
1846	11291967	
1847	18869067	
1848	18204500	
1849	16144525	
1850	21766899	
1851	15500509	
1852	21043510	
1853	26723287	
1854	23058362	
1855	21378519	
1856	10843611	
1857	15237121	
1858	9598666	
1859	11873866	
1860	18979150	
1861	18295292	
1862	27413701	
1863	18299072	
1864	6913054	
1865	14970725	
1866	26407984	
1867	25734005	
1868	31631854	
1869	22298320	
1870	15476679	
1871	10918494	
1872	19682575	
1873	16882554	
1874	19511081	
1875	15917887	
1876	25524809	
1877	12371923	
1878	29750450	
1879	15819875	
1880	15457739	
1881	26154628	
1882	14778073	
1883	12741025	
1884	28376523	
1885	21953555	
1886	20302319	
1887	15413514	
1888	16658477	
1889	16265390	
1890	25759027	
1891	26155328	
1892	15194571	
1893	22722117	
1894	23275797	
1895	22353312	
1896	20653021	
1897	22359359	
1898	9932999	
1899	14072572	
1900	17269087	
1901	24650036	
1902	17179713	
1903	18011561	
1904	19847589	
1905	21148363	
1906	25772304	26710000
1907	29110424	33700000
1908	21038641	14770000
1909	20843091	30680000
1910	19072512	20120000
1911	23333192	26380000
1912	12259827	11410000
1913	12399899	12850000
1914	25209119	27810000
1915	25454656	23860000
1916	23200281	24140000
1917	16493923	17260000
1918	10641274	10990000
1919	14273324	15660000
1920	11147072	9200000
1921	17622317	23800000
1922	16302278	17980000
1923	19004476	13210000
1924	5328807	5740000
1925	18080768	15990000
1926	12774217	11760000
1927	16557090	23830000
1928	14019561	16760000
1929	9092532	8400000
1930	12757549	13520000
1931	6231427	6100000
1932	16942887	13120000
1933	11626656	8940000
1934	8530262	8630000
1935	15518623	16590000
1936	20884363	17350000
1937	20009625	13330000
1938	25625432	31830000
1939	11124096	8180000
1940	20022474	22430000
1941	28750409	27080000
1942	28183916	25240000
1943	22298528	21130000
1944	16519824	10430000
1945	18075704	15060000
1946	17029562	17620000
1947	11639207	10390000
1948	12874208	15750000
1949	12721422	11970000
1950	14253346	14440000
1951	17412298	22950000
1952	25832190	28600000
1953	24545681	20090000
1954	19402248	17430000
1955	11281710	10980000
1956	23595761	29890000
1957	18261164	14890000
1958	28079759	29710000
1959	11534131	12050000
1960	13490481	13060000
1961	9081957	11970000
1962	17354677	15110000
1963	27389188	22990000
1964	12245647	10920000
1965	25258362	25640000
1966	15427320	12950000
1967	24254258	24060000
1968	12172435	13640000
1969	28766879	26980000
1970	20081047	24060000
1971	20237217	22570000
1972	10807945	13430000
1973	17394119	20050000
1974	24336129	32500000
1975	15995623	19230000
1976	7615683	8200000
1977	5973317	5120000
1978	30538094	23920000
1979	17861319	12410000
1980	27186832	22330000
1981	15377732	11100000
1982	26573987	33410000
1983	29900849	37680000
1984	24535364	22350000
1985	16665960	11040000
1986	27678260	25830000
1987	9905520	9270000
1988	12708812	9230000
1989	13086311	14820000
1990	9755217	9260000
1991	13611872	8440000
1992	11333453	8870000
1993	26439812	22210000
1994	12484240	7810000
1995	26060922	34550000
1996	24930697	22290000
1997	21256323	25420000
1998	32698280	31400000
1999	23689489	21190000
2000	20758461	18900000
2001	11993575	9810000
2002	11762659	14600000
2003	18522723	19310000
2004	16927597	16040000
2005	26323374	18550000
2006	28392600	32090000
2007	9470040	10280000
2008	14622699	10280000
2009	12033929	13020000
2010	25015474	15940000
2011	24627284	25130000
2012	23524430	NA